station "09 - Station 1" {
    latitude:47.2477615;
    longitude:5.9835995;
    capacite:12
}

station "10 - Station 2" {
    capacite : 10 ;
    longitude : 6.022671 ;
    latitude : 47.246511
}